fnn(3) pb1:
MAE : 2.096366826328409
MSE : 251.6628776609731
RMSE : 10.900821575046145