cnn_v2 time6

MAE : 2.3341255
MSE : 258.45996
RMSE : 11.265703

cnn_v2 time40
MAE : 2.6918284410303555
MSE : 291.28261870558845
RMSE : 12.300306044040116

cnn_v2 time118
MAE : 2.4611069390426614
MSE : 281.0866876901131
RMSE : 11.712330234084634

cnn_v2 time236
MAE : 2.804927494955052
MSE : 292.95758683293315
RMSE : 12.108487219087944
