cnn_v2 time6

MAE : 2.3341255
MSE : 258.45996
RMSE : 11.265703