log_CNN_v1_294:

MAE : 2.081263333540395
MSE : 259.20319599781874
RMSE : 10.96150137371898

CNN_V1_336:

MAE : 119.6178572213685
MSE : 652074.8311857717
RMSE : 161.36875594321512

===> Keep logarithmic scale
