log_CNN_v1_294:

MAE : 2.081263333540395
MSE : 259.20319599781874
RMSE : 10.96150137371898
