CNN_V1_linear_scale:

MAE : 119.6178572213685
MSE : 652074.8311857717
RMSE : 161.36875594321512

CNN_v1_PB1:

MAE : 2.081263333540395
MSE : 259.20319599781874
RMSE : 10.96150137371898

CNN_v1_PB2: log_noise= 0.2

MAE : 2.1163482444340445
MSE : 250.2213403540864
RMSE : 10.848892674072292

CNN_v1_PB3:

MAE : 2.128873552184824
MSE : 242.403037357564
RMSE : 10.762353183569957